<?xml version="1.0"?>
<opencv_storage>
<calibration_Time>"Sat Feb 28 00:30:05 2015"</calibration_Time>
<nrOfFrames>10</nrOfFrames>
<image_Width>640</image_Width>
<image_Height>400</image_Height>
<board_Width>9</board_Width>
<board_Height>6</board_Height>
<square_Size>25.</square_Size>
<FixAspectRatio>1.</FixAspectRatio>
<!-- flags:  +fix_aspectRatio +fix_principal_point +zero_tangent_dist -->
<flagValue>14</flagValue>
<Camera_Matrix type_id="opencv-matrix">
  <rows>3</rows>
  <cols>3</cols>
  <dt>d</dt>
  <data>
    7.5636458554012324e+02 0. 3.1950000000000000e+02 0.
    7.5636458554012324e+02 1.9950000000000000e+02 0. 0. 1.</data></Camera_Matrix>
<Distortion_Coefficients type_id="opencv-matrix">
  <rows>5</rows>
  <cols>1</cols>
  <dt>d</dt>
  <data>
    1.6022296112378837e-01 3.8424351414304141e+00 0. 0.
    -2.9814157614021592e+01</data></Distortion_Coefficients>
<Avg_Reprojection_Error>1.6522119652820133e+00</Avg_Reprojection_Error>
<Per_View_Reprojection_Errors type_id="opencv-matrix">
  <rows>10</rows>
  <cols>1</cols>
  <dt>f</dt>
  <data>
    1.85419035e+00 2.48704386e+00 4.75698769e-01 1.40790486e+00
    1.25778997e+00 8.21335375e-01 8.38392913e-01 1.64775515e+00
    2.30297828e+00 2.11844611e+00</data></Per_View_Reprojection_Errors>
<!-- a set of 6-tuples (rotation vector + translation vector) for each view -->
<Extrinsic_Parameters type_id="opencv-matrix">
  <rows>10</rows>
  <cols>6</cols>
  <dt>d</dt>
  <data>
    6.4861312208619126e-01 -2.9898118823639824e-01
    -2.7916502869182866e+00 7.2747897816668257e+01
    8.6019661235098880e+01 6.3760504417741186e+02
    -6.3464240182991316e-01 -9.6929469725353615e-02
    -2.7866848736410179e+00 1.4631529551149296e+02
    5.6491558189475398e+01 5.3741370351835621e+02 9.9549473477185535e-01
    -3.6224085293906733e-01 -2.9608876505796431e+00
    1.7317400549503165e+02 9.9258365635899665e+01 7.5462427468266947e+02
    -3.1625578737255106e-01 -2.3477368268771920e-02
    -3.1097485259423125e+00 4.4452731279319572e+01
    4.0047645442200668e+01 9.6228669531224011e+02
    -3.2811925508031620e-01 -8.0490450738397057e-02
    -3.1074633586916165e+00 4.7214026214800391e+01
    3.8822998933739974e+01 9.5039241725372995e+02
    -3.4506808685862689e-01 -1.6977131382738095e-01
    -2.9941160935864874e+00 -1.3160514794435275e+02
    5.6340728613809276e+01 9.6573060881903643e+02
    -1.2052547385749446e-01 -7.3338040514957986e-02
    -3.0254429494741979e+00 -9.9472074868405528e+01
    -9.3486444235186923e+01 1.1041305045347858e+03
    3.0041515221281626e-02 -3.3392157513926202e-01
    -3.0845143068551133e+00 1.7123040203721223e+02
    -2.3934708055910804e+01 7.5453458937534833e+02
    3.6863709744646866e-01 -5.4497777688462323e-01
    -2.8986611362859227e+00 1.5234813457441282e+02
    9.2350055744987188e+01 5.6230104133136206e+02 1.5925785446797211e-01
    -3.0305207186746552e-01 -2.9866329787021626e+00
    2.2526533419787694e+02 9.8356262476046183e+01 7.0431560370675243e+02</data></Extrinsic_Parameters>
<Image_points type_id="opencv-matrix">
  <rows>10</rows>
  <cols>54</cols>
  <dt>"2f"</dt>
  <data>
    4.08380768e+02 3.06477722e+02 3.82300018e+02 2.98218811e+02
    3.55562744e+02 2.89597656e+02 3.28334991e+02 2.80953674e+02
    3.00462769e+02 2.72179138e+02 2.72355377e+02 2.63357208e+02
    2.43003342e+02 2.54286911e+02 2.13235809e+02 2.45361694e+02
    1.82943695e+02 2.36337006e+02 4.13121399e+02 2.75549957e+02
    3.87407074e+02 2.66953247e+02 3.60990143e+02 2.58439972e+02
    3.34427307e+02 2.49478439e+02 3.07380859e+02 2.40474625e+02
    2.79596191e+02 2.31449997e+02 2.50953903e+02 2.22242889e+02
    2.21663483e+02 2.13172012e+02 1.92041412e+02 2.03983505e+02
    4.17680511e+02 2.45630768e+02 3.92352386e+02 2.37133575e+02
    3.66433777e+02 2.28387238e+02 3.40435455e+02 2.19285034e+02
    3.13819092e+02 2.10093735e+02 2.86664093e+02 2.00792175e+02
    2.58538116e+02 1.91468719e+02 2.29845627e+02 1.82320404e+02
    2.00756546e+02 1.73039963e+02 4.22208405e+02 2.16586014e+02
    3.97244537e+02 2.07845566e+02 3.71746582e+02 1.98919128e+02
    3.46419830e+02 1.89689835e+02 3.20215607e+02 1.80461823e+02
    2.93476135e+02 1.70988770e+02 2.65829437e+02 1.61517578e+02
    2.37814896e+02 1.52207779e+02 2.09314087e+02 1.42701218e+02
    4.26576965e+02 1.88502243e+02 4.02009094e+02 1.79629059e+02
    3.77085419e+02 1.70598755e+02 3.51796539e+02 1.61291794e+02
    3.26275024e+02 1.51902679e+02 2.99965973e+02 1.42440948e+02
    2.72999664e+02 1.32538315e+02 2.45397263e+02 1.23088974e+02
    2.17406494e+02 1.13493347e+02 4.30729492e+02 1.61174698e+02
    4.06526825e+02 1.52295334e+02 3.82155945e+02 1.43042938e+02
    3.57416290e+02 1.33715271e+02 3.32008392e+02 1.24209938e+02
    3.06297699e+02 1.14504601e+02 2.79710205e+02 1.04490578e+02
    2.52852737e+02 9.46516571e+01 2.25212006e+02 8.47343903e+01
    5.34196411e+02 2.85198517e+02 4.98040405e+02 2.73623291e+02
    4.62992279e+02 2.62299042e+02 4.29515869e+02 2.51521194e+02
    3.97421631e+02 2.41331680e+02 3.67077393e+02 2.31493805e+02
    3.38123291e+02 2.22255661e+02 3.11330811e+02 2.13916428e+02
    2.85461884e+02 2.06049637e+02 5.43215759e+02 2.47989426e+02
    5.07066406e+02 2.37362381e+02 4.72504089e+02 2.27386978e+02
    4.38955048e+02 2.17386490e+02 4.07234619e+02 2.07813782e+02
    3.76974304e+02 1.98941772e+02 3.48284363e+02 1.90756943e+02
    3.21289032e+02 1.83214035e+02 2.95734833e+02 1.76146576e+02
    5.51660278e+02 2.12148697e+02 5.16064636e+02 2.02556091e+02
    4.81600952e+02 1.93220520e+02 4.48500397e+02 1.84069229e+02
    4.16681671e+02 1.75462769e+02 3.86577026e+02 1.67350235e+02
    3.58079712e+02 1.59914276e+02 3.31322388e+02 1.53498581e+02
    3.05624512e+02 1.47105530e+02 5.60019531e+02 1.76963516e+02
    5.24644104e+02 1.68095779e+02 4.90656738e+02 1.59668152e+02
    4.57626038e+02 1.51239944e+02 4.26317200e+02 1.43578690e+02
    3.96279083e+02 1.36261124e+02 3.67719055e+02 1.29868332e+02
    3.40864929e+02 1.23952591e+02 3.15462830e+02 1.18200050e+02
    5.67987610e+02 1.42966705e+02 5.32865662e+02 1.34883026e+02
    4.99258209e+02 1.27239716e+02 4.66693054e+02 1.19629868e+02
    4.35518311e+02 1.12603737e+02 4.05704773e+02 1.06155945e+02
    3.77150665e+02 1.00208595e+02 3.50382507e+02 9.48126984e+01
    3.24735077e+02 8.99339981e+01 5.75739990e+02 1.09685043e+02
    5.40844788e+02 1.02403023e+02 5.07561615e+02 9.55947723e+01
    4.75458679e+02 8.89066010e+01 4.44588837e+02 8.26362686e+01
    4.15044586e+02 7.67479553e+01 3.86487579e+02 7.12934952e+01
    3.59544037e+02 6.64643860e+01 3.34094666e+02 6.18694763e+01
    4.96453766e+02 3.00569977e+02 4.79068726e+02 3.00865509e+02
    4.60755737e+02 3.01103699e+02 4.41831268e+02 3.01313965e+02
    4.21935272e+02 3.01444489e+02 4.01565094e+02 3.01520935e+02
    3.79889801e+02 3.01512238e+02 3.57581573e+02 3.01641541e+02
    3.34533417e+02 3.01650787e+02 4.92968292e+02 2.74959686e+02
    4.75529205e+02 2.74561096e+02 4.57132355e+02 2.74461029e+02
    4.38487122e+02 2.73774567e+02 4.19011414e+02 2.73488831e+02
    3.98663452e+02 2.72981079e+02 3.77372498e+02 2.72412842e+02
    3.55427460e+02 2.71742859e+02 3.32413147e+02 2.71304047e+02
    4.89503571e+02 2.50006332e+02 4.71906464e+02 2.49331940e+02
    4.53830872e+02 2.48273102e+02 4.35416626e+02 2.47412491e+02
    4.16293823e+02 2.46432083e+02 3.95844299e+02 2.45321243e+02
    3.74782562e+02 2.44313538e+02 3.52960571e+02 2.43011169e+02
    3.30463837e+02 2.41888779e+02 4.85863373e+02 2.25259949e+02
    4.68578552e+02 2.23975128e+02 4.50586487e+02 2.22722168e+02
    4.32543762e+02 2.21172684e+02 4.12995667e+02 2.19718216e+02
    3.93105713e+02 2.18268967e+02 3.72297302e+02 2.16570572e+02
    3.50895538e+02 2.14940933e+02 3.28491394e+02 2.12981644e+02
    4.82614471e+02 2.01200867e+02 4.65299225e+02 1.99506165e+02
    4.47570923e+02 1.97682159e+02 4.29288391e+02 1.95972824e+02
    4.10381317e+02 1.94061798e+02 3.90328857e+02 1.91906296e+02
    3.70006653e+02 1.89788467e+02 3.48549866e+02 1.87662628e+02
